$ANSIBLE_VAULT;1.1;AES256
37666133663165646561343562383466393438326439323334626332613964656133666637363038
6534393938636433616263396163663937616466383536620a373438313337383532303862633861
32373730636265333161383930633865633463356531616539323730316565313563346561666334
3164653933333133370a353662623436663337646137373534393637383336393833316361643261
39353165356137623763626331653763353166656237626137613831313631663131643865303561
63393634386535653664356434393531363330633761653839346665656262366563383432383036
35333531376538346331386266353136613461653836333339373032646165303837666462383430
39383336333164636138643234333165316635616139646466316465623761643738353433393231
31336166343735383736653835643038356362616366646566653964323565396630613664393130
32366632303463336232653730373933313632613665306334666665666664326238353663363937
37613838303738336538663366313732396263616161633931393335613034313063316238656562
64363565626537623761663061323532613230353335363235373761383531613433373261646333
37333431373132633963613161306664313464643638323936613763383238333731663564373433
37636565613964626164326437346335613432623464343335356634346537636264396461343733
31626138666131636338663339636433663333636666333437663461303131656263346464356134
31323638306630623939343131623633653363323261313462363136666433393933366431653861
39653436663766313964373838316463383033303637396364333630373337653866343333666264
61616134626433636639656662623766363339353337373435333138306461333165366530363365
62613033376631653462666538356234383861393533383736653930623237616335386437643635
66353639333235313764353365346637356531396561613265393234306363636634326133326136
65666631663664633266653963336236643437373439636562376636623435373361663365633032
61623434666430353533383461613930616232373963316637376563363339626661323239356633
34393435306233326664633230346235346435343565306338643162386431373362656631663534
32323065633661666163623539313965353937363937616638356161363533393939343666656232
35626135383236383633643062353536613762373562356333346234626330626566643833333965
35343833616532383530613364626464316463333962616531313839663933616439333730393562
32306164323136363362613539643235346535663131343939613162626134363263353762666561
61333963303832353231643364363163376231346630633862306433623434336534383434643333
35666432343733633064346330376333393563646632326232613264623161646438346237306665
37646164396437323864643731363036346530636666343934653063396635613064653134656335
31363930643334313234666236656264633638333635343536366162363833363938636239346163
34643730343161663662323230653937613536346634313834613130306465343964326536386638
39313838633135323065663166353934313733616135633130663739663861313766356333616434
6332343439353937633431356261306330656435353764626163
